XANGLES = [0,22.5,45,67.5,90]
YANGLES = [-45,-22.5,0,22.5,45]
NoClusters = 2.0
panelSize = 400.0
panelSpacing = 500.0
ASFarray = [[[1742.8932188134524, 2080.3300858899106], [2450.0, 2080.3300858899106], [3157.1067811865478, 2080.3300858899106]], [[2096.4466094067261, 1726.7766952966367], [2803.5533905932734, 1726.7766952966367]], [[1742.8932188134524, 1373.2233047033631], [2450.0, 1373.2233047033631], [3157.1067811865478, 1373.2233047033631]], [[2096.4466094067261, 1019.6699141100892], [2803.5533905932734, 1019.6699141100892]]]
desiredGridPointSize = 25.0
buildingOrientation = 0.0