XANGLES = [0,22.5,45,67.5,90]
YANGLES = [0]
NoClusters = 1.0
panelSize = 400.0
panelSpacing = 500.0
ASFarray = [[[682.233047033631, 2964.2135623730951], [1389.3398282201786, 2964.2135623730951], [2096.4466094067261, 2964.2135623730951], [2803.5533905932739, 2964.2135623730951], [3510.6601717798212, 2964.2135623730951], [4217.766952966369, 2964.2135623730951]], [[1035.7864376269049, 2610.6601717798212], [1742.8932188134524, 2610.6601717798212], [2450.0, 2610.6601717798212], [3157.1067811865478, 2610.6601717798212], [3864.2135623730951, 2610.6601717798212]], [[682.233047033631, 2257.1067811865478], [1389.3398282201786, 2257.1067811865478], [2096.4466094067261, 2257.1067811865478], [2803.5533905932739, 2257.1067811865478], [3510.6601717798212, 2257.1067811865478], [4217.766952966369, 2257.1067811865478]], [[1035.7864376269049, 1903.5533905932737], [1742.8932188134524, 1903.5533905932737], [2450.0, 1903.5533905932737], [3157.1067811865478, 1903.5533905932737], [3864.2135623730951, 1903.5533905932737]], [[682.233047033631, 1550.0], [1389.3398282201786, 1550.0], [2096.4466094067261, 1550.0], [2803.5533905932739, 1550.0], [3510.6601717798212, 1550.0], [4217.766952966369, 1550.0]], [[1035.7864376269049, 1196.4466094067261], [1742.8932188134524, 1196.4466094067261], [2450.0, 1196.4466094067261], [3157.1067811865478, 1196.4466094067261], [3864.2135623730951, 1196.4466094067261]], [[682.233047033631, 842.89321881345222], [1389.3398282201786, 842.89321881345222], [2096.4466094067261, 842.89321881345222], [2803.5533905932739, 842.89321881345222], [3510.6601717798212, 842.89321881345222], [4217.766952966369, 842.89321881345222]], [[1035.7864376269049, 489.33982822017879], [1742.8932188134524, 489.33982822017879], [2450.0, 489.33982822017879], [3157.1067811865478, 489.33982822017879], [3864.2135623730951, 489.33982822017879]], [[682.233047033631, 135.7864376269049], [1389.3398282201786, 135.7864376269049], [2096.4466094067261, 135.7864376269049], [2803.5533905932739, 135.7864376269049], [3510.6601717798212, 135.7864376269049], [4217.766952966369, 135.7864376269049]]]
desiredGridPointSize = 25.0