XANGLES = [0,22.5,45,67.5,90]
YANGLES = [0]
NoClusters = 3.0
panelSize = 400.0
panelSpacing = 500.0
ASFarray = [[[1742.8932188134524, 1903.5533905932739], [2450.0, 1903.5533905932739], [3157.1067811865478, 1903.5533905932739]], [[2096.4466094067261, 1550.0], [2803.5533905932734, 1550.0]], [[1742.8932188134524, 1196.4466094067263], [2450.0, 1196.4466094067263], [3157.1067811865478, 1196.4466094067263]]]
desiredGridPointSize = 25.0
buildingOrientation = 0.0