XANGLES = [0, 15, 30, 45, 60, 75, 90]
YANGLES = [-45, -30, -15, 0, 15, 30, 45]
NoClusters = 1
panelSize = 425
panelSpacing = 510
NumPanHor = 5
NumPanVer = 6
panelOffset = 400
room_width = 3000
room_height = 2100
room_depth = 4000
glazingPercWidth = 0.92
glazingPercHeight = 0.97
WindowGridSize = 200
desiredGridPointSize = 25
buildingOrientation = 0
ASFarray = [[[57.502166379443, 1951.561146012848], [778.7510831897215, 1951.561146012848], [1500.0, 1951.561146012848], [2221.2489168102784, 1951.561146012848], [2942.4978336205568, 1951.561146012848]], [[418.12662478458225, 1590.9366876077088], [1139.3755415948608, 1590.9366876077088], [1860.6244584051392, 1590.9366876077088], [2581.873375215418, 1590.9366876077088]], [[57.502166379443, 1230.3122292025696], [778.7510831897215, 1230.3122292025696], [1500.0, 1230.3122292025696], [2221.2489168102784, 1230.3122292025696], [2942.4978336205568, 1230.3122292025696]], [[418.12662478458225, 869.68777079743018], [1139.3755415948608, 869.68777079743018], [1860.6244584051392, 869.68777079743018], [2581.873375215418, 869.68777079743018]], [[57.502166379443, 509.063312392291], [778.7510831897215, 509.063312392291], [1500.0, 509.063312392291], [2221.2489168102784, 509.063312392291], [2942.4978336205568, 509.063312392291]], [[418.12662478458225, 148.43885398715179], [1139.3755415948608, 148.43885398715179], [1860.6244584051392, 148.43885398715179], [2581.873375215418, 148.43885398715179]]]